020101003801202606
020101012701202606
020101012709202606
020101013501202606
020101013509202606
020101014301202606
020101014307202606
020101014309202606
020101016001202606
020101016009202606
020101020801202606
020101020809202606
020101024001202606
020101024007202606
020101024009202606
020101025901202606
020101026701202606
020101026707202606
020101026709202606
020101027503202606
020101027507202606
020101027509202606
020101030501202606
020101030507202606
020101030509202606
020101031301202606
020101031307202606
020101031309202606
020101032101202606
020101032107202606
020101032109202606
020101033001202606
020101033007202606
020101033009202606
020101040201202606
020101040207202606
020101040209202606
020101053401202606
020101053409202606
020101055001202606
020101055009202606
020904003301202606
020904003307202606
020904003309202606
020904005001202606
020904005007202606
020904005009202606
021105009101202606
021105010503202606
021105010507202606
021105010509202606
021105014801202606
030106001003202606
030106001007202606
030106007001202606
030106007003202606
030106007007202606
030106007009202606
030106008803202606
030109001703202606
030109001709202606
030109001713202606
030109002503202606
030109002509202606
030109002513202606
030116002303202606
030116002307202606
030301001003202606
030301001007202606
030301002903202606
030301002907202606
030301003703202606
030301003707202606
030301004503202606
030301004507202606
030301005303202606
030301005307202606
030301006103202606
030301006107202606
030301007003202606
030301007007202606
030301008803202606
030301008807202606
030301009603202606
030301009607202606
030301010003202606
030301010007202606
030301011803202606
030301011807202606
030301012603202606
030301012607202606
030301013403202606
030301013407202606
030301014203202606
030301014207202606
030301015003202606
030301015007202606
030301016903202606
030301016907202606
030301017703202606
030301017707202606
030301018503202606
030301018507202606
030301019303202606
030301019307202606
030301020703202606
030301020707202606
030301021503202606
030301021506202606
030301021507202606
030302003203202606
030302003207202606
030302004003202606
030302004007202606
030302005903202606
030302005907202606
030302006703202606
030302006707202606
030302007503202606
030302007507202606
030302008303202606
030302008307202606
030303001107202606
030303001111202606
030303002003202606
030303002007202606
030303003803202606
030303003807202606
030303004603202606
030303004607202606
030303005403202606
030303005407202606
030303006203202606
030303006207202606
030304001703202606
030304001707202606
030304002503202606
030304002507202606
030304003303202606
030304003307202606
030304004103202606
030304004107202606
030304005003202606
030304005007202606
030304006803202606
030304006807202606
030304007603202606
030304007607202606
030304008401202606
030304008403202606
030304008407202606
030304009201202606
030304009203202606
030304009207202606
030304010603202606
030304010607202606
030304011401202606
030304011403202606
030304011407202606
030304012201202606
030304012203202606
030304012207202606
030304013003202606
030304013007202606
030304014903202606
030304014907202606
030304015703202606
030304015707202606
030304016503202606
030304016507202606
030304017303202606
030304017307202606
030304018103202606
030304019003202606
030304019007202606
030304020303202606
030304020307202606
030304021103202606
030304021107202606
030304022003202606
030304022007202606
030304023803202606
030304023807202606
030304024603202606
030304024607202606
030304025403202606
030304025407202606
030304026203202606
030304026207202606
030304027003202606
030304027007202606
030304028903202606
030304029703202606
030304029707202606
030304030003202606
030305013603202606
030305013607202606
030305014403202606
030305014407202606
030306001803202606
030306001807202606
030306002603202606
030306002607202606
030306003403202606
030306003407202606
030306004203202606
030306004207202606
030306005003202606
030306005007202606
030306006903202606
030306006907202606
030306007703202606
030306007707202606
030306008503202606
030306008507202606
030306009303202606
030306009307202606
030306010703202606
030306010707202606
030306011503202606
030306011507202606
030306012303202606
030306012307202606
030306013103202606
030306013107202606
030306014003202606
030306014007202606
030306015803202606
030306015807202606
030306016603202606
030306016607202606
030306017403202606
030306017407202606
030306018203202606
030306018207202606
030306019003202606
030306019007202606
030306020403202606
030306020407202606
030306021203202606
030306021207202606
030306022001202606
030306022003202606
030306022007202606
030306023903202606
030306023907202606
030306024703202606
030306024707202606
030306025503202606
030306025507202606
030306026303202606
030306026307202606
030306027103202606
030306027107202606
030306028003202606
030306028007202606
030306029803202606
030306029807202606
030306030103202606
030306030107202606
030307006403202606
030307006407202606
030307007203202606
030307007207202606
030307008003202606
030307008007202606
030307009903202606
030307009907202606
030307010203202606
030307010207202606
030307011003202606
030307011007202606
030307012903202606
030307012907202606
030307013701202606
030308004303202606
030308004307202606
030308005103202606
030308005107202606
030308006003202606
030308006007202606
030308007803202606
030308007807202606
030308008603202606
030308008607202606
030308009403202606
030308009407202606
030309013803202606
030309013807202606
030309013809202606
030309019703202606
030309019707202606
030309019709202606
030309023503202606
030309023507202606
030309023509202606
030309031603202606
030309031607202606
030310001002202606
030310001003202606
030310001007202606
030310002802202606
030310002803202606
030310002807202606
030310003602202606
030310003603202606
030310003607202606
030310004402202606
030310004403202606
030310004407202606
030310005202202606
030310005203202606
030310005207202606
030311001503202606
030311001507202606
030311002303202606
030311002307202606
030311003103202606
030311003107202606
030311004003202606
030311004007202606
030311005803202606
030311005807202606
030311006603202606
030311006607202606
030311007403202606
030311007407202606
030311008203202606
030311008207202606
030311009003202606
030311009007202606
030311010403202606
030311010407202606
030311011203202606
030311011207202606
030313001604202606
030313002404202606
030313003204202606
030313004004202606
030313005904202606
030313006704202606
030313007504202606
030313008304202606
030314002003202606
030314002007202606
030314003803202606
030314003807202606
030314004603202606
030314004607202606
030314005403202606
030314005407202606
030314006203202606
030314006207202606
030314007003202606
030314007007202606
030314008903202606
030314008907202606
030314009703202606
030314009707202606
030314010003202606
030314010007202606
030314011903202606
030314011907202606
030314012703202606
030314012707202606
030314013503202606
030314013507202606
030314014303202606
030314014307202606
030314015103202606
030314015107202606
030315001703202606
030315001707202606
030315002503202606
030315002507202606
030315003303202606
030315003307202606
030315004103202606
030315004107202606
030315005003202606
030315005007202606
030315006803202606
030315006807202606
030316001207202606
030316002007202606
030316003907202606
030316004707202606
030316005507202606
030316006307202606
030316007107202606
030317009305202606
030317009307202606
030317010707202606
030317010714202606
030317013102202606
030317013103202606
030317013105202606
030317013107202606
030317013187202606
030317014002202606
030317014003202606
030317014005202606
030317014007202606
030317014087202606
030317015802202606
030317015803202606
030317015805202606
030317015807202606
030317015887202606
030317016602202606
030317016603202606
030317016605202606
030317016607202606
030317016687202606
030317017402202606
030317017403202606
030317017405202606
030317017407202606
030317017487202606
030317018202202606
030317018203202606
030317018205202606
030317018207202606
030317018287202606
030317019005202606
030317019007202606
030317020405202606
030317020407202606
030318001303202606
030318001307202606
030318003003202606
030318003007202606
030318004803202606
030318004807202606
030318005603202606
030318005607202606
030318006403202606
030318006407202606
030318007207202606
030318007210202606
030319001903202606
030319001907202606
030319001908202606
030401011103202606
030401011107202606
030401035903202606
030401035907202606
030401049903202606
030401049907202606
030401059603202606
030401059607202606
030408002003202606
030408002007202606
030408003903202606
030408003907202606
030408003909202606
030408004703202606
030408006303202606
030409001803202606
030409001807202606
030409002603202606
030409002607202606
030409003403202606
030409003407202606
030409004203202606
030409004207202606
030410001303202606
030410001307202606
030410001309202606
030410002103202606
030410002107202606
030501017403202606
030501017407202606
030502001303202606
030502001307202606
030502002103202606
030502002107202606
030502003003202606
030502003007202606
030502004803202606
030502004807202606
030502005603202606
030502005607202606
030701005801202606
030701005803202606
030701005807202606
030701005809202606
030702003701202606
030702003703202606
030702003707202606
030702003709202606
030702004501202606
030702004503202606
030702004507202606
030702004509202606
030702005301202606
030702005303202606
030702005307202606
030702005309202606
030702006101202606
030702006103202606
030702006107202606
030702006109202606
030702008801202606
030702008803202606
030702008807202606
030702008809202606
030702009601202606
030702009603202606
030702009607202606
030702009609202606
030702010001202606
030702010003202606
030702010007202606
030702010009202606
030702011801202606
030702011803202606
030702011807202606
030702011809202606
030703003201202606
030703003203202606
030703003207202606
030703003209202606
030704001101202606
030704001103202606
030704001107202606
030704001109202606
030704006201202606
030704006203202606
030704006207202606
030704006209202606
030704008901202606
030704008903202606
030704008907202606
030704008909202606
030801001901202606
030801001903202606
030801001907202606
030801002703202606
030801002707202606
030801003501202606
030801003503202606
030801003507202606
030801004301202606
030801004303202606
030801004307202606
030802002203202606
030802002207202606
030802003003202606
030802003007202606
030803001003202606
030803001007202606
030803002803202606
030803002807202606
030803003601202606
030803003603202606
030803003607202606
030803003683202606
030804001501202606
030804001503202606
030804001507202606
030804002303202606
030804002307202606
030901003901202606
030901003903202606
030901003907202606
030908001007202606
031001003901202606
031001003902202606
031001003903202606
031001004701202606
031001004702202606
031001004703202606
031001005502202606
040102001001202606
040102001007202606
040102001009202606
040102002901202606
040102002907202606
040102002909202606
040102003701202606
040102003707202606
040102003709202606
040102004501202606
040102004507202606
040102004509202606
040102005301202606
040102005307202606
040102005309202606
040102006101202606
040102006107202606
040102006109202606
040102007001202606
040102007007202606
040102007009202606
040102008801202606
040102008807202606
040102008809202606
040102009601202606
040102009607202606
040102009609202606
040102010001202606
040102010007202606
040102010009202606
040102011801202606
040102011807202606
040102011809202606
040102012601202606
040102012607202606
040102012609202606
040102013401202606
040102013409202606
040102014201202606
040102014207202606
040102014209202606
040102015001202606
040102015007202606
040102015009202606
040102016901202606
040102016907202606
040102016909202606
040201001901202606
040201001907202606
040201002701202606
040201002707202606
040201003501202606
040201003507202606
040201003509202606
040201004301202606
040201004307202606
040201004309202606
040201005101202606
040201005107202606
040202001401202606
040202001407202606
040202002201202606
040202002207202606
040301001201202606
040301001207202606
040301002001202606
040301002007202606
040301003901202606
040301003907202606
040301004701202606
040301004707202606
040301005501202606
040301005507202606
040301006301202606
040301006307202606
040301007101202606
040301007107202606
040301008001202606
040301008007202606
040301008009202606
040301009801202606
040301009807202606
040301010101202606
040301010107202606
040301011001202606
040301011007202606
040301012801202606
040301012807202606
040301013601202606
040301013607202606
040301014401202606
040301014407202606
040301015201202606
040301015207202606
040301016001202606
040301016007202606
040301017901202606
040301017907202606
040301018701202606
040301018707202606
040301019501202606
040301019507202606
040301020901202606
040301020907202606
040301021701202606
040301021707202606
040301022501202606
040301022507202606
040301023301202606
040301023307202606
040301024101202606
040301024107202606
040301025001202606
040301025007202606
040301026801202606
040301026807202606
040301027601202606
040301027607202606
040301028401202606
040301028407202606
040301029201202606
040301029207202606
040301030601202606
040301030607202606
040301031401202606
040301031407202606
040301032201202606
040301032207202606
040301033001202606
040301033007202606
040301034901202606
040301034907202606
040301035701202606
040301035707202606
040301036501202606
040301036507202606
040301039001202606
040301039003202606
040301039007202606
040302001801202606
040302001807202606
040302002601202606
040302002607202606
040302003401202606
040302003407202606
040302004201202606
040302004207202606
040302005001202606
040302005007202606
040302006901202606
040302006907202606
040302007701202606
040302007707202606
040302007709202606
040302008501202606
040302008507202606
040302008509202606
040302009301202606
040302009307202606
040302009309202606
040302010701202606
040302010707202606
040302011501202606
040302011507202606
040302012301202606
040302012307202606
040302012309202606
040302013101202606
040302013107202606
040303001301202606
040303001307202606
040303002101202606
040303002107202606
040303003001202606
040303003007202606
040303004801202606
040303004807202606
040303005601202606
040303005607202606
040303006401202606
040303006407202606
040303008001202606
040303008007202606
040303009901202606
040303009907202606
040303010201202606
040303010207202606
040303011001202606
040303011007202606
040303012901202606
040303012907202606
040303013701202606
040303013707202606
040303014501202606
040303014507202606
040303015301202606
040303015307202606
040303016101202606
040303016107202606
040304001901202606
040304001907202606
040304002701202606
040304002707202606
040304005101202606
040304005107202606
040304006001202606
040304006007202606
040304007801202606
040304007807202606
040304008601202606
040304008607202606
040304009401202606
040304009407202606
040304010801202606
040304010807202606
040304011601202606
040304011607202606
040304012401202606
040304012407202606
040305003001202606
040305003003202606
040305003007202606
040305004901202606
040305004907202606
040305005701202606
040305006501202606
040305006507202606
040305007301202606
040305007307202606
040305009001202606
040305009007202606
040305009009202606
040305010301202606
040305010307202606
040305010309202606
040305011101202606
040305011107202606
040305012001202606
040305012007202606
040305013801202606
040305013807202606
040305014601202606
040305014607202606
040305015401202606
040305015407202606
040305016201202606
040306001001202606
040306001007202606
040306002801202606
040306002807202606
040306003601202606
040306003607202606
040306004401202606
040306004407202606
040306005201202606
040306005207202606
040306006001202606
040306006007202606
040306007901202606
040306007907202606
040306008701202606
040306008707202606
040306009501202606
040306009507202606
040307001501202606
040307004001202606
040307004007202606
040307005801202606
040307005807202606
040307008201202606
040307009001202606
040307010401202606
040307011201202606
040307012001202606
040307013901202606
040307013907202606
040307014701202606
040307014707202606
040307015501202606
040307015507202606
040307016301202606
040307016307202606
040307017101202606
040308001001202606
040308002901202606
040308003701202606
040308004501202606
040308005301202606
040308005307202606
040308006101202606
040308007001202606
040308007007202606
040308008801202606
040308008807202606
040308009601202606
040308009607202606
040308010001202606
040401001601202606
040401001605202606
040401001609202606
040401002401202606
040401002407202606
040401002409202606
040401003201202606
040401003207202606
040401003209202606
040401004001202606
040401004007202606
040401004009202606
040401005901202606
040401005907202606
040401005909202606
040401006701202606
040401006707202606
040401006709202606
040401008301202606
040401008307202606
040401008309202606
040401010501202606
040401010507202606
040401010509202606
040401011301202606
040401011307202606
040401011309202606
040401012101202606
040401012107202606
040401012109202606
040401013001202606
040401013007202606
040401013009202606
040401014801202606
040401014807202606
040401014809202606
040401016401202606
040401016407202606
040401016409202606
040401017201202606
040401017207202606
040401018001202606
040401018007202606
040401019901202606
040401019907202606
040401020201202606
040401020207202606
040401021001202606
040401021007202606
040401021009202606
040401022901202606
040401022907202606
040401022909202606
040401023701202606
040401023707202606
040401023709202606
040401028801202606
040401028807202606
040401028809202606
040401031801202606
040401031807202606
040401031809202606
040401032601202606
040401032607202606
040401032609202606
040401033401202606
040401033407202606
040401033409202606
040401035001202606
040401035007202606
040401035009202606
040401037701202606
040401037707202606
040401037709202606
040401038501202606
040401038507202606
040401038509202606
040401040701202606
040401040707202606
040401040709202606
040401041501202606
040401041507202606
040401041509202606
040401043101202606
040401043107202606
040401045801202606
040401045807202606
040401046601202606
040401046607202606
040401046609202606
040401047401202606
040401047407202606
040401047409202606
040401048201202606
040401048207202606
040401048209202606
040401049001202606
040401049007202606
040401049009202606
040401050401202606
040401050407202606
040401050409202606
040401051201202606
040401051207202606
040401051209202606
040401052001202606
040401052007202606
040401052009202606
040401053901202606
040401053907202606
040401053909202606
040401054701202606
040401054707202606
040401055501202606
040401055507202606
040401055509202606
040401056301202606
040401056309202606
040401057101202606
040401057107202606
040401058001202606
040401058007202606
040401059801202606
040401059807202606
040401060101202606
040401060107202606
040401061001202606
040401061007202606
040401062801202606
040401062807202606
040401063601202606
040401063607202606
040401064401202606
040401064407202606
040401065201202606
040401065207202606
040402001101202606
040402001107202606
040402001109202606
040402003801202606
040402003807202606
040402003809202606
040402004601202606
040402004607202606
040402004609202606
040402006201202606
040402006207202606
040402007001202606
040402007007202606
040402007009202606
040402008901202606
040402008907202606
040402008909202606
040402010001202606
040402010003202606
040402010007202606
040402010009202606
040402011901202606
040402011907202606
040402011909202606
040402013501202606
040402013507202606
040402014301202606
040402014307202606
040402014309202606
040402017801202606
040402017807202606
040402020801202606
040402020807202606
040402020809202606
040402022401202606
040402022407202606
040402023201202606
040402023207202606
040402023209202606
040402024001202606
040402024007202606
040402024009202606
040402027501202606
040402027507202606
040402029101202606
040402029107202606
040402031301202606
040402031307202606
040402031309202606
040402032101202606
040402032107202606
040402032109202606
040402034801202606
040402034807202606
040402034809202606
040402035601202606
040402035607202606
040402035609202606
040402038001202606
040402038007202606
040402039901202606
040402039907202606
040402039909202606
040402042901202606
040402042907202606
040402042909202606
040402045301202606
040402045307202606
040402045309202606
040402046101202606
040402046107202606
040402046109202606
040402047001202606
040402047007202606
040402047009202606
040402048801202606
040402048807202606
040402048809202606
040402049601202606
040402049607202606
040402050001202606
040402050007202606
040402051801202606
040402051807202606
040402051809202606
040402052601202606
040402052607202606
040402053401202606
040402053407202606
040402054201202606
040402054207202606
040402054209202606
040402055001202606
040402055007202606
040402056901202606
040402056907202606
040402056909202606
040402057701202606
040402057707202606
040402057709202606
040402058501202606
040402058507202606
040402059301202606
040402059307202606
040402060701202606
040402060707202606
040402064001202606
040402064007202606
040402064009202606
040402065801202606
040402065807202606
040402065809202606
040402066601202606
040402066607202606
040402066609202606
040402069001202606
040402069007202606
040402070401202606
040402070407202606
040402071201202606
040402071207202606
040402071209202606
040402072001202606
040402072007202606
040402073901202606
040402073907202606
040402077101202606
040402077107202606
040402077109202606
040402078001202606
040402078007202606
040402079801202606
040402079807202606
040402079809202606
040403001701202606
040403001707202606
040403001709202606
040403003301202606
040403003307202606
040403004101202606
040403004107202606
040403004109202606
040403005001202606
040403005007202606
040403005009202606
040403006801202606
040403006807202606
040403006809202606
040403007601202606
040403007607202606
040403007609202606
040403008401202606
040403008407202606
040403008409202606
040403010601202606
040403010607202606
040403010609202606
040403012201202606
040403012207202606
040403012209202606
040403013001202606
040403013007202606
040403013009202606
040403015701202606
040403015707202606
040403015709202606
040403016501202606
040403016507202606
040403016509202606
040403017301202606
040403017307202606
040403017309202606
040403019001202606
040403019007202606
040403019009202606
040403022001202606
040403022007202606
040403022009202606
040403024601202606
040403024607202606
040403024609202606
040403025401202606
040403025407202606
040403025409202606
040403026201202606
040403026207202606
040403026209202606
040403027001202606
040403027007202606
040403027009202606
040403028901202606
040403028907202606
040403029701202606
040403029707202606
040403030001202606
040403030007202606
040403031901202606
040403031907202606
040403031909202606
040403032701202606
040403032707202606
040501001001202606
040501001007202606
040501001009202606
040501002801202606
040501002807202606
040501002809202606
040501003601202606
040501003607202606
040501003609202606
040501007901202606
040501007907202606
040501007909202606
040501008701202606
040501008707202606
040501008709202606
040501011701202606
040501011707202606
040501011709202606
040501012501202606
040501012507202606
040501012509202606
040501013301202606
040501013307202606
040501013309202606
040501015001202606
040501015007202606
040501015009202606
040501017601202606
040501017607202606
040501017609202606
040502001501202606
040502001507202606
040502001509202606
040502002301202606
040502002307202606
040502002309202606
040503001001202606
040503001007202606
040503001009202606
040503002901202606
040503002907202606
040503002909202606
040503007001202606
040503007007202606
040503007009202606
040503009601202606
040503009607202606
040503009609202606
040503011801202606
040503011807202606
040503011809202606
040503013401202606
040503013407202606
040503013409202606
040503014201202606
040503014207202606
040503014209202606
040503016901202606
040503016907202606
040503016909202606
040503017701202606
040503017707202606
040503017709202606
040503018501202606
040503018507202606
040503019301202606
040503019307202606
040503020701202606
040503020707202606
040503020709202606
040504001601202606
040504001607202606
040504001609202606
040504002401202606
040504002407202606
040504002409202606
040504004001202606
040504004007202606
040504004009202606
040504005901202606
040504005907202606
040504005909202606
040504006701202606
040504006707202606
040504006709202606
040504007501202606
040504007507202606
040504007509202606
040504008301202606
040504008307202606
040504008309202606
040504009101202606
040504009107202606
040504009109202606
040504010501202606
040504010507202606
040504010509202606
040504014801202606
040504014807202606
040504014809202606
040504015601202606
040504015607202606
040504015609202606
040504016401202606
040504016407202606
040504016409202606
040504018001202606
040504018007202606
040504020201202606
040504020207202606
040504020209202606
040504021001202606
040504021007202606
040504021009202606
040505001101202606
040505001107202606
040505001109202606
040505004601202606
040505004607202606
040505004609202606
040505005401202606
040505005407202606
040505005409202606
040505009701202606
040505009707202606
040505009709202606
040505010001202606
040505010007202606
040505010009202606
040505011901202606
040505011907202606
040505011909202606
040505013501202606
040505013507202606
040505013509202606
040505014301202606
040505014307202606
040505014309202606
040505015101202606
040505015107202606
040505015109202606
040505018601202606
040505018607202606
040505018609202606
040505021601202606
040505021607202606
040505021609202606
040505022401202606
040505022407202606
040505022409202606
040505023201202606
040505023207202606
040505023209202606
040505031301202606
040505031307202606
040505031309202606
040505032101202606
040505032107202606
040505032109202606
040505035601202606
040505035607202606
040505035609202606
040505037201202606
040505037207202606
040505037209202606
040505038001202606
040505038007202606
040505038009202606
040505039901202606
040505039907202606
040505039909202606
040505040201202606
040505040209202606
040601001301202606
040601001307202606
040601002101202606
040601003001202606
040601004801202606
040601005601202606
040601006401202606
040601007201202606
040601007207202606
040601008001202606
040601009901202606
040601010201202606
040601010207202606
040601011001202606
040601011007202606
040601013701202606
040601013707202606
040601015301202606
040601015307202606
040601016101202606
040601017001202606
040601017007202606
040601018801202606
040601019601202606
040601019607202606
040601020001202606
040601020007202606
040601021801202606
040601021807202606
040601022601202606
040601022607202606
040601023401202606
040601024201202606
040601025001202606
040601025007202606
040601026901202606
040601026907202606
040601027701202606
040601027707202606
040601028501202606
040601028507202606
040601029301202606
040601030701202606
040601031501202606
040601032301202606
040601033101202606
040601033107202606
040601034001202606
040601035801202606
040601036601202606
040601036607202606
040601037401202606
040601037407202606
040601038201202606
040601039001202606
040601039007202606
040601040401202606
040601041201202606
040601041207202606
040601042001202606
040601042007202606
040601043901202606
040601044701202606
040601044707202606
040601045501202606
040601046301202606
040601046307202606
040601047101202606
040601047107202606
040601048001202606
040601049801202606
040601049807202606
040601050101202606
040601051001202606
040601051007202606
040601052801202606
040601052807202606
040601053601202606
040601054401202606
040601055201202606
040601056001202606
040601056007202606
040601056009202606
040601057901202606
040601058701202606
040601058709202606
040601059501202606
040601060901202606
040601061701202606
040601062501202606
040601063301202606
040601063309202606
040601064101202606
040601064107202606
040601064109202606
040601065001202606
040601065009202606
040601066801202606
040601066807202606
040601066809202606
040601067601202606
040601067607202606
040601067609202606
040601068401202606
040601068407202606
040601068409202606
040601069201202606
040601069207202606
040601070601202606
040601071401202606
040601071407202606
040601071409202606
040601073001202606
040601075701202606
040601075707202606
040601076501202606
040601076507202606
040601077301202606
040601077307202606
040601078101202606
040601078107202606
040601079001202606
040601079009202606
040601080301202606
040601080307202606
040601081101202606
040601082001202606
040601082007202606
040601083801202606
040601084601202606
040601085401202606
040601085409202606
040601086201202606
040601086209202606
040601087001202606
040601087009202606
040601088901202606
040601089701202606
040601090001202606
040601090007202606
040601091901202606
040601091907202606
040601091909202606
040601092701202606
040601093501202606
040601094301202606
040601095101202606
040601096001202606
040601096003202606
040601096007202606
040601097801202606
040601097803202606
040601097807202606
040601098601202606
040601099401202606
040601100101202606
040601100109202606
040601101001202606
040601101009202606
040601102801202606
040601102809202606
040601103601202606
040601103609202606
040601104401202606
040601104407202606
040601104409202606
040601105201202606
040601105209202606
040601107901202606
040601108701202606
040601108709202606
040601109501202606
040601109509202606
040601110901202606
040601110909202606
040601111701202606
040601111709202606
040601112501202606
040601112509202606
040601113301202606
040601113307202606
040601113309202606
040601114101202606
040601114109202606
040601115001202606
040601115007202606
040601115009202606
040601116801202606
040601116809202606
040601117601202606
040601117609202606
040601118401202606
040601118409202606
040601119201202606
040601119209202606
040601120601202606
040601121401202606
040601121407202606
040601122201202606
040601122207202606
040601123001202606
040601124901202606
040601125701202606
040601126501202606
040601126507202606
040601127301202606
040601127307202606
040601128101202606
040601128107202606
040601129001202606
040601129007202606
040601130301202606
040601130307202606
040601131101202606
040601131107202606
040601132001202606
040601132007202606
040601133801202606
040601133807202606
040601134601202606
040601134607202606
040601135401202606
040601135407202606
040601136201202606
040601136207202606
040601137001202606
040601137007202606
040601138901202606
040601138907202606
040601139701202606
040601139707202606
040601140001202606
040601140007202606
040601141901202606
040601141907202606
040601142701202606
040601142707202606
040601143501202606
040601143507202606
040601144301202606
040601144307202606
040601145101202606
040601145107202606
040601146001202606
040601146007202606
040601147801202606
040601147807202606
040601148601202606
040601148607202606
040601149401202606
040601149407202606
040601150801202606
040601150807202606
040601151601202606
040601151607202606
040602001901202606
040602001907202606
040602002701202606
040602002707202606
040602003501202606
040602003507202606
040602004301202606
040602004307202606
040602005101202606
040602005107202606
040602007801202606
040602007807202606
040602007809202606
040602010801202606
040602011601202606
040602011607202606
040602011609202606
040602012401202606
040602012407202606
040602015901202606
040602015907202606
040602015909202606
040602016701202606
040602016707202606
040602016709202606
040602019101202606
040602019107202606
040602021301202606
040602022101202606
040602023001202606
040602024801202606
040602024807202606
040602025601202606
040602025607202606
040602026401202606
040602026407202606
040602027201202606
040602027207202606
040602028001202606
040602028007202606
040602030201202606
040602030207202606
040602031001202606
040602031007202606
040602032901202606
040602032907202606
040602033701202606
040602033707202606
040602034501202606
040602034507202606
040602035301202606
040602035307202606
040602036101202606
040602036107202606
040602037001202606
040602037007202606
040602038801202606
040602038807202606
040602039601202606
040602039607202606
040602040001202606
040602040007202606
040602041801202606
040602041807202606
040602042601202606
040602042607202606
040602043401202606
040602043407202606
040602044201202606
040602044207202606
040602045001202606
040602046901202606
040602046907202606
040602047701202606
040602047707202606
040602048501202606
040602048507202606
040602049301202606
040602049307202606
040602050701202606
040602050707202606
040602051501202606
040602051507202606
040602052301202606
040602053101202606
040602053107202606
040602054001202606
040602054007202606
040602055801202606
040602055807202606
040602056601202606
040602056607202606
040602056609202606
040602057401202606
040602057407202606
040602057409202606
040602058201202606
040602058207202606
040602059001202606
040602059007202606
040602060401202606
040602060407202606
040602060409202606
040602062001202606
040602062003202606
040602062007202606
040602062009202606
040603001401202606
040603002201202606
040603003001202606
040603004901202606
040603005701202606
040603005707202606
040603006501202606
040603007301202606
040603008101202606
040603008107202606
040603009001202606
040603009007202606
040603010301202606
040603010307202606
040603011101202606
040603011107202606
040603012001202606
040603012007202606
040603013801202606
040603013807202606
040603014601202606
040603014607202606
040603015401202606
040603015407202606
040603016201202606
040604001001202606
040604001007202606
040604002801202606
040604002807202606
040604004401202606
040604004407202606
040604005201202606
040604005207202606
040604006001202606
040604006007202606
040604007901202606
040604007907202606
040604008701202606
040604009501202606
040604010901202606
040604010907202606
040604011701202606
040604011707202606
040604012501202606
040604012507202606
040604013301202606
040604014101202606
040604014107202606
040604015001202606
040604016801202606
040604017601202606
040604018401202606
040604019201202606
040604019207202606
040604020601202606
040604020607202606
040604020609202606
040604021401202606
040604021407202606
040604022201202606
040604022207202606
040604023001202606
040604023007202606
040604024901202606
040604024907202606
040604025701202606
040604025707202606
040604025709202606
040604026501202606
040604026507202606
040604027301202606
040604027307202606
040604027309202606
040604028101202606
040604029001202606
040604029007202606
040604029009202606
040604030301202606
040604030307202606
040604030309202606
040604031101202606
040604031107202606
040604031109202606
040604032001202606
040604032007202606
040604033801202606
040604033807202606
040605001501202606
040605001507202606
040605001509202606
040605002301202606
040605002307202606
040605002309202606
040605003101202606
040605003107202606
040605003109202606
040605004001202606
040605004007202606
040605004009202606
040605005801202606
040605005807202606
040605005809202606
040605006601202606
040605006607202606
040605006609202606
040605007401202606
040605007407202606
040605007409202606
040605008201202606
040605008207202606
040605008209202606
040605009001202606
040605009007202606
040605010401202606
040605010407202606
040605011201202606
040605012001202606
040605012007202606
040605012009202606
040605013901202606
040605013907202606
040605013909202606
040701001701202606
040701001707202606
040701003301202606
040701003307202606
040701004101202606
040701005001202606
040701005007202606
040701006801202606
040701006807202606
040701007601202606
040701008401202606
040701008407202606
040701009201202606
040701009207202606
040701010601202606
040701010607202606
040701011401202606
040701011407202606
040701012201202606
040701013001202606
040701014901202606
040701015701202606
040701015707202606
040701016501202606
040701016507202606
040701017301202606
040701018101202606
040701019001202606
040701019007202606
040701020301202606
040701020307202606
040701021101202606
040701021107202606
040701021109202606
040701022001202606
040701022007202606
040701022009202606
040701023801202606
040701023807202606
040701027001202606
040701027007202606
040701028901202606
040701029701202606
040701029707202606
040701030001202606
040701033501202606
040701033507202606
040701034301202606
040701034307202606
040701035101202606
040701035107202606
040701036001202606
040701037801202606
040701038601202606
040702001201202606
040702002001202606
040702003901202606
040702003907202606
040702004701202606
040702004707202606
040702006301202606
040702006307202606
040702007101202606
040702007107202606
040702008001202606
040702008007202606
040702009801202606
040702009807202606
040702010101202606
040702010107202606
040702011001202606
040702011007202606
040702011009202606
040702013601202606
040702013607202606
040702013609202606
040702014401202606
040702014407202606
040702014409202606
040702015201202606
040702015207202606
040702017901202606
040702017907202606
040702018701202606
040702018707202606
040702019501202606
040702019507202606
040702020901202606
040702020907202606
040702021701202606
040702021709202606
040702022501202606
040702022507202606
040702022509202606
040702023301202606
040702023307202606
040702024101202606
040702024107202606
040702025001202606
040702025007202606
040702026801202606
040702026807202606
040702026809202606
040702027601202606
040702027607202606
040702027609202606
040702028401202606
040702028407202606
040702028409202606
040702029201202606
040702029207202606
040702030601202606
040702030607202606
040702032201202606
040702032207202606
040702032209202606
040702033001202606
040702034901202606
040702035701202606
040702036501202606
040702036507202606
040702038101202606
040702038107202606
040702040301202606
040702040307202606
040702041101202606
040702041107202606
040702042001202606
040702042007202606
040702043801202606
040702043807202606
040702044601202606
040702044607202606
040702045401202606
040702045407202606
040702045409202606
040702046201202606
040702046207202606
040702047001202606
040702047007202606
040702047009202606
040703001801202606
040703001807202606
040703002601202606
040703002607202606
040703003401202606
040703003407202606
040703003409202606
040703004201202606
040703004207202606
040703005001202606
040703005007202606
040703006901202606
040703006907202606
040703007701202606
040703007707202606
040703007709202606
040703012301202606
040703012307202606
040703013101202606
040703013107202606
040703014001202606
040703014007202606
040703015801202606
040703015807202606
040703016601202606
040703016607202606
040703017401202606
040703017407202606
040703018201202606
040703018207202606
040703019001202606
040703019007202606
040703020401202606
040703021201202606
040703022001202606
040703024701202606
040703025501202606
040703025507202606
040704001301202606
040704001307202606
040704002101202606
040704002107202606
040704003001202606
040704003007202606
040704004801202606
040704004807202606
040704005601202606
040704005607202606
040704006401202606
040704006407202606
040704006409202606
040704007201202606
040704007207202606
040704007209202606
040704008001202606
040704008007202606
040704008009202606
040704009901202606
040704009907202606
040704009909202606
040704010201202606
040704010207202606
040704010209202606
040704011001202606
040704011007202606
040704011009202606
040704012901202606
040704012907202606
040704012909202606
040704013701202606
040704013707202606
040704013709202606
040704014501202606
040704014507202606
040704014509202606
040704015301202606
040704015307202606
040704015309202606
040704016101202606
040704016107202606
040704017001202606
040704017007202606
040704017009202606
040704018801202606
040704018807202606
040704020001202606
040704020007202606
040704022601202606
040704022607202606
040704022609202606
040704023401202606
040704023407202606
040704024201202606
040704024207202606
040704025001202606
040704025007202606
040704026901202606
040704026907202606
040801001001202606
040801001007202606
040801002901202606
040801002907202606
040801003701202606
040801003707202606
040801004501202606
040801005301202606
040801006101202606
040801007001202606
040801007007202606
040801008801202606
040801008807202606
040801009601202606
040801009607202606
040801009609202606
040801010001202606
040801010007202606
040801010009202606
040801011801202606
040801011807202606
040801011809202606
040801013401202606
040801013407202606
040801013409202606
040801014201202606
040801014207202606
040801014209202606
040801015001202606
040801015007202606
040801015009202606
040801016901202606
040801016907202606
040801017701202606
040801017707202606
040801018501202606
040801018507202606
040801018509202606
040801019301202606
040801019307202606
040801020701202606
040801020707202606
040801020709202606
040801021501202606
040801021509202606
040801022301202606
040801022307202606
040801022309202606
040801023101202606
040801023109202606
040802001601202606
040802001607202606
040802002401202606
040802002407202606
040802003201202606
040802003207202606
040802004001202606
040802005901202606
040802006701202606
040802007501202606
040802008301202606
040802009101202606
040802010501202606
040802010507202606
040802010509202606
040802011301202606
040802011307202606
040802012101202606
040802012107202606
040802012109202606
040802013001202606
040802013007202606
040802014801202606
040802014807202606
040802014809202606
040802015601202606
040802015607202606
040802016401202606
040802016407202606
040802016409202606
040802017201202606
040802017207202606
040802017209202606
040802018001202606
040802018007202606
040802018009202606
040802019901202606
040802019907202606
040802019909202606
040802020201202606
040802020207202606
040802020209202606
040802021001202606
040802021007202606
040802022901202606
040802022907202606
040802022909202606
040802024501202606
040802024507202606
040802024509202606
040802025301202606
040802025307202606
040802026101202606
040802026107202606
040802027001202606
040802027007202606
040802028801202606
040802028807202606
040802029601202606
040802029607202606
040802029609202606
040802030001202606
040802030007202606
040802030009202606
040802031801202606
040802031807202606
040802031809202606
040802032601202606
040802032607202606
040802032609202606
040802033401202606
040802033407202606
040802034201202606
040802034207202606
040802034209202606
040802035001202606
040802035007202606
040802036901202606
040802036907202606
040802037701202606
040802037707202606
040802037709202606
040802038501202606
040802038507202606
040802039301202606
040802039307202606
040802040701202606
040802040707202606
040802041501202606
040802041507202606
040802042301202606
040802042307202606
040802043101202606
040802043107202606
040802044001202606
040802044007202606
040802044009202606
040802045801202606
040802045807202606
040802046601202606
040802046607202606
040802047401202606
040802047407202606
040802047409202606
040802048201202606
040802048207202606
040802048209202606
040802049001202606
040802049007202606
040802049009202606
040802050401202606
040802050407202606
040802050409202606
040802051201202606
040802051207202606
040802051209202606
040802052001202606
040802052007202606
040802052009202606
040802053901202606
040802053907202606
040802053909202606
040802054701202606
040802054707202606
040802055501202606
040802055507202606
040802055509202606
040802056301202606
040802056307202606
040802057101202606
040802057107202606
040802058001202606
040802058007202606
040802059801202606
040802059807202606
040802059809202606
040802060101202606
040802060107202606
040802060109202606
040802061001202606
040802061007202606
040802061009202606
040802062801202606
040802062807202606
040802062809202606
040802063601202606
040802063607202606
040802063609202606
040802064401202606
040802064407202606
040802064409202606
040803001101202606
040803001107202606
040803002001202606
040803002007202606
040803003801202606
040803003807202606
040803004601202606
040803005401202606
040803005407202606
040803006201202606
040803006207202606
040803007001202606
040803007007202606
040803008901202606
040803008907202606
040803009701202606
040803009707202606
040803010001202606
040803010007202606
040803011901202606
040803011907202606
040803012701202606
040803012707202606
040803013501202606
040803014301202606
040803015101202606
040803016001202606
040803017801202606
040803017807202606
040803018601202606
040803019401202606
040803020801202606
040803021601202606
040803022401202606
040803023201202606
040803023207202606
040803024001202606
040803024007202606
040803025901202606
040803025907202606
040803026701202606
040803026707202606
040803027501202606
040803027507202606
040803028301202606
040803028307202606
040803029101202606
040803029107202606
040803030501202606
040803030507202606
040803031301202606
040803031307202606
040803032101202606
040803032107202606
040803033001202606
040803033007202606
040803034801202606
040803034807202606
040803035601202606
040803036401202606
040803036407202606
040803037201202606
040803037207202606
040803038001202606
040803038007202606
040803039901202606
040803039907202606
040803040201202606
040803040207202606
040803041001202606
040803041007202606
040803042901202606
040803042907202606
040803043701202606
040803043707202606
040803044501202606
040803044507202606
040803045301202606
040803045307202606
040803046101202606
040803046107202606
040803047001202606
040803047007202606
040803050001202606
040803050007202606
040803051801202606
040803051807202606
040803052601202606
040803052607202606
040803053401202606
040803053407202606
040803054201202606
040803054207202606
040803055001202606
040803055007202606
040803056901202606
040803056907202606
040803057701202606
040803057707202606
040803058501202606
040803058507202606
040803059301202606
040803059307202606
040803060701202606
040803060707202606
040803061501202606
040803061507202606
040803062301202606
040803062307202606
040803063101202606
040803063107202606
040803064001202606
040803064007202606
040803065801202606
040803065807202606
040803066601202606
040803066607202606
040803067401202606
040803067407202606
040803068201202606
040803068207202606
040803069001202606
040803069007202606
040803070401202606
040803071201202606
040803071207202606
040803072001202606
040803072007202606
040803073901202606
040803073907202606
040803074701202606
040803074707202606
040803075501202606
040803075507202606
040803075509202606
040803076301202606
040803076307202606
040803077101202606
040803077107202606
040803078001202606
040803079801202606
040803080101202606
040803080107202606
040803081001202606
040803081007202606
040803082801202606
040803082807202606
040803083601202606
040803083607202606
040803084401202606
040803084407202606
040803085201202606
040803085207202606
040803086001202606
040803086007202606
040803087901202606
040803087907202606
040803088701202606
040803088707202606
040803089501202606
040803089507202606
040803090901202606
040803090907202606
040803091701202606
040803091707202606
040804001701202606
040804001707202606
040804002501202606
040804002507202606
040804003301202606
040804003307202606
040804004101202606
040804004107202606
040804005001202606
040804006801202606
040804007601202606
040804008401202606
040804009201202606
040804010601202606
040804010607202606
040804011401202606
040804011407202606
040804012201202606
040804012207202606
040804013001202606
040804013007202606
040804014901202606
040804014907202606
040804015701202606
040804015707202606
040804016501202606
040804016507202606
040804017301202606
040804017307202606
040804018101202606
040804018107202606
040804018109202606
040804019001202606
040804019007202606
040804019009202606
040804020301202606
040804020307202606
040804022001202606
040804022007202606
040804023801202606
040804023807202606
040804024601202606
040804024607202606
040804025401202606
040804025407202606
040804026201202606
040804026207202606
040804027001202606
040804027007202606
040804028901202606
040804028907202606
040804029701202606
040804029707202606
040804030001202606
040804030007202606
040804031901202606
040804031907202606
040804032701202606
040804032707202606
040804033501202606
040804033507202606
040804034301202606
040804034307202606
040805001201202606
040805001207202606
040805002001202606
040805002007202606
040805003901202606
040805003907202606
040805004701202606
040805004707202606
040805005501202606
040805006301202606
040805007101202606
040805008001202606
040805008007202606
040805010101202606
040805010107202606
040805011001202606
040805011007202606
040805012801202606
040805012807202606
040805013601202606
040805013607202606
040805014401202606
040805014407202606
040805014409202606
040805015201202606
040805015207202606
040805016001202606
040805016007202606
040805016009202606
040805017901202606
040805017907202606
040805019501202606
040805019507202606
040805019509202606
040805020901202606
040805020907202606
040805020909202606
040805021701202606
040805021707202606
040805021709202606
040805022501202606
040805022507202606
040805022509202606
040805023301202606
040805023307202606
040805024101202606
040805024107202606
040805024109202606
040805025001202606
040805025007202606
040805025009202606
040805026801202606
040805026807202606
040805026809202606
040805027601202606
040805027607202606
040805027609202606
040805028401202606
040805028407202606
040805028409202606
040805029201202606
040805029207202606
040805029209202606
040805030601202606
040805030607202606
040805031401202606
040805031407202606
040805032201202606
040805032207202606
040805032209202606
040805033001202606
040805033007202606
040805034901202606
040805034907202606
040805034909202606
040805035701202606
040805035707202606
040805035709202606
040805036501202606
040805036507202606
040805037301202606
040805037307202606
040805037309202606
040805038101202606
040805038107202606
040805039001202606
040805039007202606
040805039009202606
040805040301202606
040805041101202606
040805041107202606
040805042001202606
040805042007202606
040805043801202606
040805043807202606
040805044601202606
040805044607202606
040805044609202606
040805045401202606
040805045407202606
040805046201202606
040805046207202606
040805047001202606
040805047007202606
040805048901202606
040805048907202606
040805049701202606
040805049707202606
040805050001202606
040805050007202606
040805051901202606
040805051907202606
040805052701202606
040805052707202606
040805053501202606
040805053507202606
040805054301202606
040805054307202606
040805055101202606
040805055107202606
040805056001202606
040805056007202606
040805057801202606
040805057807202606
040805058601202606
040805058607202606
040805059401202606
040805059407202606
040805060801202606
040805060807202606
040805061601202606
040805061607202606
040805062401202606
040805062407202606
040805063201202606
040805063207202606
040805064001202606
040805064007202606
040805064009202606
040805065901202606
040805065907202606
040805065909202606
040805066701202606
040805066709202606
040805067501202606
040805067507202606
040805068301202606
040805068307202606
040805069101202606
040805069107202606
040805069109202606
040805070501202606
040805070507202606
040805071301202606
040805071307202606
040805072101202606
040805072107202606
040805073001202606
040805073007202606
040805073009202606
040805074801202606
040805074807202606
040805074809202606
040805075601202606
040805075607202606
040805075609202606
040805076401202606
040805076407202606
040805076409202606
040805077201202606
040805077207202606
040805078001202606
040805078007202606
040805079901202606
040805079907202606
040805080201202606
040805080207202606
040805081001202606
040805081007202606
040805082901202606
040805082907202606
040805082909202606
040805083701202606
040805083707202606
040805084501202606
040805084507202606
040805085301202606
040805085307202606
040805086101202606
040805086107202606
040805087001202606
040805087007202606
040805088801202606
040805088807202606
040805088809202606
040805089601202606
040805089607202606
040805089609202606
040805090001202606
040805091801202606
040805091807202606
040805091809202606
040805092601202606
040805092607202606
040805092609202606
040806001801202606
040806001807202606
040806001809202606
040806002601202606
040806002607202606
040806003401202606
040806003407202606
040806004201202606
040806004207202606
040806004209202606
040806005001202606
040806005007202606
040806005009202606
040806006901202606
040806006907202606
040806007701202606
040806007707202606
040806008501202606
040806008507202606
040806008509202606
040806009301202606
040806009307202606
040806010701202606
040806010707202606
040806011501202606
040806011507202606
040806011509202606
040806012301202606
040806012307202606
040806012309202606
040806013101202606
040806013107202606
040806013109202606
040806014001202606
040806014007202606
040806014009202606
040806015801202606
040806015807202606
040806015809202606
040806016601202606
040806016607202606
040806017401202606
040806017407202606
040806018201202606
040806018207202606
040806019001202606
040806019007202606
040806020401202606
040806020407202606
040806020409202606
040806021201202606
040806021207202606
040806021209202606
040806023901202606
040806023907202606
040806024701202606
040806024707202606
040806025501202606
040806025507202606
040806026301202606
040806026307202606
040806027101202606
040806027107202606
040806028001202606
040806028007202606
040806029801202606
040806029807202606
040806029809202606
040806030101202606
040806030107202606
040806030109202606
040806031001202606
040806031007202606
040806031009202606
040806032801202606
040806032807202606
040806032809202606
040806033601202606
040806033607202606
040806033609202606
040806034401202606
040806034407202606
040806034409202606
040806035201202606
040806035207202606
040806035209202606
040806036001202606
040806036007202606
040806036009202606
040806037901202606
040806037907202606
040806037909202606
040806038701202606
040806038707202606
040806039501202606
040806039507202606
040806039509202606
040806040901202606
040806040907202606
040806040909202606
040806041701202606
040806041707202606
040806041709202606
040806042501202606
040806042507202606
040806042509202606
040806043301202606
040806043307202606
040806043309202606
040806044101202606
040806044107202606
040806044109202606
040806045001202606
040806045007202606
040806045009202606
040806046801202606
040806046807202606
040806046809202606
040806047601202606
040806047607202606
040806047609202606
040806048401202606
040806048407202606
040806048409202606
040806049201202606
040806049207202606
040806050601202606
040806050607202606
040806051401202606
040806051407202606
040806052201202606
040806052207202606
040806053001202606
040806053007202606
040806053009202606
040806054901202606
040806054907202606
040806054909202606
040806055701202606
040806055707202606
040806056501202606
040806056507202606
040806056509202606
040806057301202606
040806057307202606
040806057309202606
040806058101202606
040806058107202606
040806058109202606
040806059001202606
040806059007202606
040806060301202606
040806060307202606
040806060309202606
040806061101202606
040806062001202606
040806062007202606
040806063801202606
040806063807202606
040806063809202606
040806064601202606
040806064607202606
040806066201202606
040806066207202606
040806067001202606
040806067007202606
040806067009202606
040806069701202606
040806069707202606
040806070001202606
040806070007202606
040806070009202606
040901001401202606
040901001407202606
040901002201202606
040901002207202606
040901003001202606
040901003007202606
040901004901202606
040901004907202606
040901005701202606
040901005707202606
040901006501202606
040901006507202606
040901006509202606
040901007301202606
040901007307202606
040901008101202606
040901008107202606
040901009001202606
040901009007202606
040901009009202606
040901012001202606
040901012007202606
040901012009202606
040901013801202606
040901013807202606
040901014601202606
040901014607202606
040901014609202606
040901017001202606
040901017007202606
040901017009202606
040901018901202606
040901018907202606
040901019701202606
040901019707202606
040901020001202606
040901020007202606
040901021901202606
040901022701202606
040901022707202606
040901023501202606
040901023507202606
040901024301202606
040901024307202606
040901025101202606
040901025107202606
040901026001202606
040901026007202606
040901028601202606
040901028607202606
040901029401202606
040901029407202606
040901030801202606
040901030807202606
040901031601202606
040901031607202606
040901032401202606
040901032407202606
040901033201202606
040901033207202606
040901034001202606
040901034007202606
040901036701202606
040901036707202606
040901037501202606
040901037507202606
040901037509202606
040901038301202606
040901038307202606
040901038309202606
040901039101202606
040901039107202606
040901039109202606
040901040501202606
040901040507202606
040901041301202606
040901041307202606
040901043001202606
040901043007202606
040901043009202606
040901045601202606
040901045607202606
040901046401202606
040901046407202606
040901047201202606
040901047207202606
040901048001202606
040901048007202606
040901048009202606
040901049901202606
040901050201202606
040901050207202606
040901051001202606
040901051007202606
040901051009202606
040901052901202606
040901052907202606
040901053701202606
040901053707202606
040901054501202606
040901054507202606
040901055301202606
040901055307202606
040901056101202606
040901056107202606
040901057001202606
040901057007202606
040901058801202606
040901058807202606
040901059601202606
040901059607202606
040901059609202606
040902001001202606
040902001007202606
040902001009202606
040902002801202606
040902002807202606
040902002809202606
040902004401202606
040902004407202606
040902004409202606
040902005201202606
040902005207202606
040902007901202606
040902007907202606
040902007909202606
040902008701202606
040902008707202606
040902008709202606
040902009501202606
040902009507202606
040902009509202606
040902010901202606
040902010907202606
040902010909202606
040902012501202606
040902012507202606
040902012509202606
040902013301202606
040902013307202606
040902013309202606
040902014101202606
040902014107202606
040902014109202606
040902015001202606
040902015007202606
040902015009202606
040902016801202606
040902016807202606
040902016809202606
040902017601202606
040902017607202606
040902017609202606
040903001501202606
040903001509202606
040903002301202606
040903003101202606
040903004001202606
040904001001202606
040904001007202606
040904001009202606
040904003701202606
040904003707202606
040904003709202606
040904004501202606
040904004507202606
040904005301202606
040904005307202606
040904005309202606
040904007001202606
040904007007202606
040904007009202606
040904008801202606
040904008807202606
040904008809202606
040904009601202606
040904009607202606
040904009609202606
040904011801202606
040904011807202606
040904011809202606
040904012601202606
040904012607202606
040904012609202606
040904013401202606
040904013407202606
040904013409202606
040904014201202606
040904014209202606
040904015001202606
040904015007202606
040904015009202606
040904016901202606
040904016907202606
040904016909202606
040904017701202606
040904017707202606
040904017709202606
040904018501202606
040904018507202606
040904018509202606
040904019301202606
040904019307202606
040904019309202606
040904020701202606
040904020707202606
040904020709202606
040904021501202606
040904021507202606
040904021509202606
040904022301202606
040904022309202606
040904023101202606
040904023107202606
040904023109202606
040904024001202606
040904024009202606
040905001601202606
040905001607202606
040905002401202606
040905002407202606
040905002409202606
040905003201202606
040905003209202606
040905004001202606
040905004007202606
040905004009202606
040905007501202606
040905007507202606
040905007509202606
040905008301202606
040905008307202606
040905008309202606
040905009101202606
040905009107202606
040905009109202606
040905010501202606
040905010507202606
040905010509202606
040905011301202606
040905011307202606
040905011309202606
040905013001202606
040905014801202606
040905016401202606
040906001101202606
040906001102202606
040906001107202606
040906001109202606
040906002001202606
040906003801202606
040906003809202606
040906004601202606
040906004607202606
040906004609202606
040906005401202606
040906005402202606
040906005409202606
040906007001202606
040906007002202606
040906007009202606
040906010001202606
040906010007202606
040906011901202606
040906011907202606
040906012701202606
040906012707202606
040906013501202606
040906013507202606
040906014301202606
040906014307202606
040906015101202606
040906015107202606
040906016001202606
040906016007202606
040906017801202606
040906017807202606
040906017809202606
040906018601202606
040906018609202606
040906019401202606
040906019407202606
040906019409202606
040906020801202606
040906020807202606
040906020809202606
040906021601202606
040906021607202606
040906021609202606
040906022401202606
040906022407202606
040906022409202606
040906023201202606
040906023202202606
040906023207202606
040906023209202606
040906024001202606
040906024002202606
040906024007202606
040906024009202606
040906025901202606
040906025902202606
040906025907202606
040906025909202606
040906026701202606
040906026702202606
040906026707202606
040906026709202606
040906027501202606
040906027507202606
040906027509202606
040906028301202606
040906028307202606
040906029101202606
040906031301202606
040906031302202606
040907001701202606
040907001709202606
040907002501202606
040907002509202606
040907003301202606
040907003309202606
040907004101202606
040907004109202606
040907005001202606
040907006801202606
040907006809202606
040907007601202606
040907007609202606
040907008401202606
040907008409202606
040907009201202606
040907009207202606
040907009209202606
040907010601202606
040907010607202606
040907010609202606
040907011401202606
040907011407202606
040907013001202606
040907013007202606
040907013009202606
040907014901202606
040907014907202606
040907014909202606
040907015701202606
040907015707202606
040907015709202606
040907019001202606
040907019009202606
040907020301202606
040907021101202606
040907021107202606
040907022001202606
040907022007202606
040907022009202606
040907023801202606
040907023807202606
040907024601202606
040907024607202606
040907025401202606
040907025407202606
040907026201202606
040907026207202606
040907026209202606
040907027001202606
040907027009202606
040907028901202606
040907028907202606
040907028909202606
040907029701202606
040907030001202606
040907030009202606
040907031901202606
041001001401202606
041001001407202606
041001001409202606
041001005701202606
041001006501202606
041001006507202606
041001006509202606
041001007301202606
041001007307202606
041001007309202606
041001008101202606
041001008107202606
041001008109202606
041001009001202606
041001009009202606
041001011101202606
041001011107202606
041001011109202606
041001012001202606
041001012007202606
041001013801202606
041001014601202606
041001015401202606
041001016201202606
041001019701202606
041001020001202606
041001021901202606
041101001801202606
041101001802202606
041101001809202606
041101002601202606
041101002602202606
041101003401202606
041101003402202606
041101004201202606
041101004202202606
041101005001202606
041101005002202606
041101005009202606
041101007701202606
041101007702202606
041101007709202606
041101008501202606
041101008502202606
041102001301202606
041102001302202606
041102001309202606
041102002101202606
041102002102202606
041102002109202606
041102003001202606
041102003002202606
041102004801202606
041102004802202606
041201001101202606
041201001107202606
041201002001202606
041201002007202606
041201003801202606
041201003807202606
041201003809202606
041201004601202606
041201004607202606
041201004609202606
041201007001202606
041201007007202606
041201008901202606
041201008907202606
041201009701202606
041201009707202606
041201010001202606
041201010007202606
041201011901202606
041201011907202606
041201013501202606
041201013507202606
041201014301202606
041201014307202606
041202001701202606
041202001707202606
041202002501202606
041202002507202606
041202003301202606
041202003307202606
041202005001202606
041202005007202606
041202006801202606
041202006807202606
041202007601202606
041202007607202606
041202008401202606
041202008407202606
041203001201202606
041203001207202606
041203004701202606
041203004707202606
041203008001202606
041203008007202606
041203009801202606
041203009807202606
041203009809202606
041203010101202606
041203010107202606
041203011001202606
041203011007202606
041204001801202606
041204001807202606
041204001809202606
041204002601202606
041204002607202606
041204003401202606
041204003407202606
041204004201202606
041204004207202606
041204005001202606
041204005007202606
041204006901202606
041204006907202606
041204008501202606
041204008507202606
041204008509202606
041204010701202606
041204010707202606
041204011501202606
041204011507202606
041204012301202606
041204012307202606
041204013101202606
041204013107202606
041204015801202606
041204015807202606
041204016601202606
041204016607202606
041204017401202606
041204017407202606
041204018201202606
041204018207202606
041204019001202606
041204019007202606
041204020401202606
041204020407202606
041204021201202606
041204021207202606
041204022001202606
041204022007202606
041204022009202606
041205001301202606
041205001307202606
041205003001202606
041205003007202606
041205004801202606
041205004807202606
041205006401202606
041205006407202606
041205007201202606
041205007207202606
041205008001202606
041205008007202606
041205010201202606
041205010207202606
041205011001202606
041205011007202606
041205013701202606
041205013707202606
041205014501202606
041205014507202606
041205015301202606
041205015307202606
041205016101202606
041205016107202606
041301001501202606
041301001507202606
041301006601202606
041301008201202606
041301008207202606
041301009001202606
041301009007202606
041303001601202606
041303001607202606
041303001609202606
041303002401202606
041303002407202606
041303002409202606
041303003201202606
041303003209202606
041303005901202606
041303005907202606
041303005909202606
041303006701202606
041303006709202606
041303007501202606
041303007509202606
041303008301202606
041303008307202606
041303008309202606
041304002001202606
041304002007202606
041304003801202606
041304004601202606
041304005401202606
041304005409202606
041304006201202606
041304006209202606
041304007001202606
041304007009202606
041304008901202606
041304008909202606
041304009701202606
041304009707202606
041304010001202606
041304010007202606
041304011901202606
041304011907202606
041304011909202606
041304012701202606
041304012707202606
041304012709202606
041304013501202606
041304013507202606
041304013509202606
041304014301202606
041304014307202606
041304014309202606
041304015101202606
041304015107202606
041304015109202606
041304016001202606
041304016007202606
041304017801202606
041304017807202606
041304018601202606
041304018607202606
041304018609202606
041304019401202606
041304019407202606
041304019409202606
041304020801202606
041304020807202606
041304020809202606
041304021601202606
041304021607202606
041304021609202606
041304022401202606
041304022407202606
041304022409202606
041304023201202606
041304023207202606
041304023209202606
041304024001202606
041304024007202606
041304025901202606
041304025909202606
041304026701202606
041401002701202606
041401003501202606
041401025601202606
041401025607202606
041401025609202606
041401027201202606
041401027207202606
041401027209202606
041401032901202606
041401032907202606
041401032909202606
041401034501202606
041401034507202606
041401034509202606
041402002201202606
041402002203202606
041402002207202606
041402002209202606
041402003001202606
041402003003202606
041402003007202606
041402003009202606
041402004901202606
041402004903202606
041402004907202606
041402004909202606
041402005701202606
041402005703202606
041402005707202606
041402005709202606
041402006501202606
041402006503202606
041402006507202606
041402006509202606
041402007301202606
041402007303202606
041402007307202606
041402007309202606
041402008101202606
041402008103202606
041402008107202606
041402008109202606
041402009001202606
041402009003202606
041402009007202606
041402009009202606
041402014601202606
041402014603202606
041402014607202606
041402014609202606
041402015401202606
041402015403202606
041402015407202606
041402015409202606
041402016201202606
041402016203202606
041402016207202606
041402016209202606
041402020001202606
041402020003202606
041402020007202606
041402020009202606
041402021901202606
041402021903202606
041402021907202606
041402021909202606
041402024301202606
041402024303202606
041402024307202606
041402024309202606
041402027801202606
041402027803202606
041402027807202606
041402027809202606
041402029401202606
041402029403202606
041402029407202606
041402029409202606
041402036701202606
041402036703202606
041402036707202606
041402036709202606
041402037501202606
041402037503202606
041402037507202606
041402037509202606
041402041301202606
041402041303202606
041402041307202606
041402041309202606
041501001201202606
041501001207202606
041502001801202606
041502003401202606
041502003407202606
041502004201202606
041502004207202606
041502005001202606
041502005007202606
041502006901202606
041502006907202606
041502007701202606
041502007707202606
041502008501202606
041503001301202606
041503001307202606
041504002701202606
041504002707202606
041504003501202606
041504003507202606
041601001601202606
041601001607202606
041601002401202606
041601002407202606
041601004001202606
041601004007202606
041601007501202606
041601007507202606
041601009101202606
041601009107202606
041601011301202606
041601011307202606
041601011309202606
041601012101202606
041601013001202606
041601016401202606
041601016407202606
041601017201202606
041601017207202606
041601017209202606
041601018001202606
041601018007202606
041601019901202606
041601019907202606
041601020201202606
041601020207202606
041601021001202606
041601021007202606
041601022901202606
041601022907202606
041602002001202606
041602002007202606
041602015101202606
041602015107202606
041602016001202606
041602016007202606
041602017801202606
041602017807202606
041602017809202606
041602018601202606
041602018607202606
041602018609202606
041602019401202606
041602019407202606
041602020801202606
041602020807202606
041602021601202606
041602021607202606
041602021609202606
041602022401202606
041602022407202606
041602023201202606
041602023207202606
041602024001202606
041602024007202606
041602024009202606
041602025901202606
041602025907202606
041603002501202606
041603002507202606
041603002509202606
041603003301202606
041603003307202606
041603003309202606
041603004101202606
041603004107202606
041603004109202606
041603006801202606
041603006807202606
041603007601202606
041603008401202606
041603008407202606
041603009201202606
041603009207202606
041603014901202606
041603014907202606
041603014909202606
041603015701202606
041603015707202606
041603015709202606
041603016501202606
041603016507202606
041603017301202606
041603017307202606
041603018101202606
041603018107202606
041603019001202606
041603020301202606
041603020307202606
041603021101202606
041603021107202606
041603022001202606
041603022007202606
041603023801202606
041603023807202606
041603024601202606
041603024607202606
041603025401202606
041603026201202606
041603027001202606
041603027007202606
041603028901202606
041603029701202606
041603030001202606
041603030007202606
041603031901202606
041603031907202606
041603032701202606
041603032707202606
041603032709202606
041603033501202606
041603033507202606
041603033509202606
041603034301202606
041603034307202606
041603035101202606
041603035107202606
041603035109202606
041603036001202606
041603036007202606
041604001201202606
041604001207202606
041604002001202606
041604002007202606
041604003901202606
041604003907202606
041604004701202606
041604004707202606
041604005501202606
041604005507202606
041604007101202606
041604007107202606
041604010101202606
041604010107202606
041604011001202606
041604011007202606
041604012801202606
041604012807202606
041604014401202606
041604014407202606
041604017901202606
041604017909202606
041604018701202606
041604018709202606
041604019501202606
041604019509202606
041604020901202606
041604020907202606
041604021701202606
041604021707202606
041604022501202606
041604022507202606
041604023301202606
041604023307202606
041604024101202606
041604024107202606
041604025001202606
041604025007202606
041604026801202606
041604026807202606
041604027601202606
041604027607202606
041604028401202606
041604029201202606
041604030601202606
041604031401202606
041604031407202606
041604032201202606
041604032207202606
041604033001202606
041604033007202606
041604034901202606
041604034907202606
041605001801202606
041605001807202606
041605002601202606
041605002607202606
041605003401202606
041605003407202606
041605005001202606
041605005007202606
041605007701202606
041605007707202606
041605009301202606
041605009307202606
041605010701202606
041605010707202606
041605011501202606
041605011507202606
041605012301202606
041605012307202606
041606001301202606
041606001307202606
041606001309202606
041606002101202606
041606002107202606
041606003001202606
041606003007202606
041606005601202606
041606005607202606
041606006401202606
041606006407202606
041606008001202606
041606008007202606
041606009901202606
041606009907202606
041606010201202606
041606010207202606
041606011001202606
041606011007202606
041606012901202606
041606012907202606
041606013701202606
041606013707202606
041608001401202606
041608001407202606
041608001409202606
041608003001202606
041608003007202606
041608003009202606
041608008101202606
041608008107202606
041608009001202606
041608009007202606
041608011101202606
041608011107202606
041608012001202606
041608012007202606
041608012009202606
041609001001202606
041609001007202606
041609002801202606
041609002807202606
041609003601202606
041609003607202606
041609007901202606
041609007907202606
041609010901202606
041609010907202606
041609011701202606
041609011707202606
041609012501202606
041609012507202606
041609013301202606
041609013307202606
041611001001202606
041611001007202606
041611002901202606
041611002907202606
041611003701202606
041611003707202606
041611004501202606
041611004507202606
041611005301202606
041611005307202606
041611006101202606
041611006107202606
041611007001202606
041611007007202606
041611008801202606
041611008807202606
041612002401202606
041612003201202606
041612004001202606
041612004009202606
041612005901202606
041612005909202606
050103006901202606
050103006903202606
050103006907202606
050201001075202606
050201001076202606
050201001078202606
050201001079202606
050201002978202606
050201002979202606
050201002980202606
050201002981202606
050201002982202606
050301001401202606
050301001403202606
050301001475202606
050301001476202606
050301001478202606
050301001479202606
050301001480202606
050301001481202606
050301001482202606
050301002201202606
050301002275202606
050301002276202606
050301002278202606
050301002279202606
050301002280202606
050301002281202606
050301002282202606
050302001001202606
050302002801202606
050303001575202606
050303001576202606
050303001578202606
050303001579202606
050303001580202606
050303001581202606
050303001582202606
050303002301202606
050303002375202606
050303002376202606
050303002378202606
050303002379202606
050303002380202606
050303002381202606
050303002382202606
050303003101202606
050303003175202606
050303003176202606
050303003178202606
050303003179202606
050303003180202606
050303003181202606
050303003182202606
050303004001202606
050303004075202606
050303004076202606
050303004078202606
050303004080202606
050303004081202606
050303004082202606
050303005801202606
050303005875202606
050303005876202606
050303005878202606
050303005879202606
050303005880202606
050303005881202606
050303005882202606
050303006601202606
050303006675202606
050303006676202606
050303006678202606
050303006679202606
050303006680202606
050303006681202606
050303006682202606
050303007401202606
050303007475202606
050303007476202606
050303007478202606
050303007479202606
050303007480202606
050303007481202606
050303007482202606
050303008201202606
050303008275202606
050303008276202606
050303008278202606
050303008279202606
050303008280202606
050303008281202606
050303008282202606
050303009001202606
050303009075202606
050303009076202606
050303009078202606
050303009079202606
050303009080202606
050303009081202606
050303009082202606
050303010401202606
050303010475202606
050303010476202606
050303010478202606
050303010479202606
050303010480202606
050303010481202606
050303010482202606
050304004575202606
050304004576202606
050304004578202606
050304004579202606
050304004580202606
050304004581202606
050304004582202606
050501001103202606
050501001107202606
050501002003202606
050501002007202606
050501003803202606
050501003807202606
050501004603202606
050501004607202606
050501005403202606
050501005407202606
050501006203202606
050501006207202606
050501007003202606
050501007007202606
050501008903202606
050501008907202606
050501009701202606
050501009707202606
050501009709202606
050501012701202606
050501012707202606
050501012709202606
050501013501202606
050501013507202606
050501013509202606
050501014309202606
050502004101202606
050502004107202606
050502005001202606
050502005007202606
050502006801202606
050502007601202606
050502008401202606
050502009201202606
050502010601202606
050502012201202606
050502014901202606
050602001012202606
050602002912202606
050602003712202606
050602004503202606
050602004507202606
050602004509202606
050602004512202606
050602005301202606
050602005303202606
050602005307202606
050602006101202606
050602006103202606
050602006107202606
050602007001202606
050602007003202606
050602007007202606
050602009601202606
050602009603202606
050602009607202606
050602010001202606
050602010003202606
050602010007202606
050602011801202606
050602011803202606
050602011807202606
050602013401202606
050602013403202606
050602013407202606
070209005001202606
070209005007202606
070209006901202606
070209006907202606
080201006765202606
080201007579202606
080201008375202606
080201009176202606
080201011383202606
080201012181202606
080201013082202606
080201015678202606
080201016480202606
080201021085202606
080201022986202606
080201023792202606
080201024593202606
080201025387202606
080201026187202606
080201027087202606
080201028894202606
080201032696202606
080201036995202606
